(0, 8.1758) : (78.285767, 1)
(1, 8.66196) : (78.285767, 1)
(2, 9.17702) : (78.285767, 1)
(3, 9.72272) : (78.285767, 1)
(4, 10.3009) : (78.285767, 1)
(5, 10.9134) : (78.285767, 1)
(6, 11.5623) : (78.285767, 1)
(7, 12.2499) : (78.285767, 1)
(8, 12.9783) : (78.285767, 1)
(9, 13.75) : (78.285767, 1)
(10, 14.5676) : (78.285767, 1)
(11, 15.4339) : (78.285767, 1)
(12, 16.3516) : (78.285767, 1)
(13, 17.3239) : (78.285767, 1)
(14, 18.354) : (78.285767, 1)
(15, 19.4454) : (78.285767, 1)
(16, 20.6017) : (78.285767, 1)
(17, 21.8268) : (78.285767, 1)
(18, 23.1247) : (78.285767, 1)
(19, 24.4997) : (78.285767, 1)
(20, 25.9565) : (78.285767, 1)
(21, 27.5) : (78.285767, 1)
(22, 29.1352) : (78.285767, 1)
(23, 30.8677) : (78.285767, 1)
(24, 32.7032) : (78.285767, 1)
(25, 34.6478) : (78.285767, 1)
(26, 36.7081) : (78.285767, 1)
(27, 38.8909) : (78.285767, 1)
(28, 41.2034) : (78.285767, 1)
(29, 43.6535) : (78.285767, 1)
(30, 46.2493) : (78.285767, 1)
(31, 48.9994) : (78.285767, 1)
(32, 51.9131) : (78.285767, 1)
(33, 55) : (78.285767, 1)
(34, 58.2705) : (78.285767, 1)
(35, 61.7354) : (78.285767, 1)
(36, 65.4064) : (78.285767, 1)
(37, 69.2957) : (78.285767, 1)
(38, 73.4162) : (78.285767, 1)
(39, 77.7817) : (78.285767, 1)
(40, 82.4069) : (81.75177, 5)
(41, 87.3071) : (87.240616, 11)
(42, 92.4986) : (93.097992, 17)
(43, 97.9989) : (97.219788, 21)
(44, 103.826) : (103.747162, 27)
(45, 110) : (110.712791, 33)
(46, 116.541) : (115.614464, 37)
(47, 123.471) : (123.376869, 43)
(48, 130.813) : (131.660431, 49)
(49, 138.591) : (137.489548, 53)
(50, 146.832) : (146.720642, 59)
(51, 155.563) : (156.571533, 65)
(52, 164.814) : (163.50354, 69)
(53, 174.614) : (174.481232, 75)
(54, 184.997) : (186.195984, 81)
(55, 195.998) : (194.439575, 85)
(56, 207.652) : (207.494324, 91)
(57, 220) : (221.425583, 97)
(58, 233.082) : (231.228928, 101)
(59, 246.942) : (246.753738, 107)
(60, 261.626) : (263.320862, 113)
(61, 277.183) : (274.979095, 117)
(62, 293.665) : (293.441284, 123)
(63, 311.127) : (313.143066, 129)
(64, 329.628) : (327.00708, 133)
(65, 349.228) : (348.962463, 139)
(66, 369.994) : (372.391968, 145)
(67, 391.995) : (388.87915, 149)
(68, 415.305) : (414.988647, 155)
(69, 440) : (442.851166, 161)
(70, 466.164) : (462.457855, 165)
(71, 493.883) : (493.507477, 171)
(72, 523.251) : (526.641724, 177)
(73, 554.365) : (549.958191, 181)
(74, 587.33) : (586.882568, 187)
(75, 622.254) : (626.286133, 193)
(76, 659.255) : (654.01416, 197)
(77, 698.456) : (697.924927, 203)
(78, 739.989) : (744.783936, 209)
(79, 783.991) : (777.758301, 213)
(80, 830.609) : (829.977295, 219)
(81, 880) : (885.702332, 225)
(82, 932.328) : (924.91571, 229)
(83, 987.767) : (987.014954, 235)
(84, 1046.5) : (1053.283447, 241)
(85, 1108.73) : (1099.916382, 245)
(86, 1174.66) : (1173.765137, 251)
(87, 1244.51) : (1225.732178, 255)
(88, 1318.51) : (1225.732178, 255)
(89, 1396.91) : (1225.732178, 255)
(90, 1479.98) : (1225.732178, 255)
(91, 1567.98) : (1225.732178, 255)
(92, 1661.22) : (1225.732178, 255)
(93, 1760) : (1225.732178, 255)
(94, 1864.66) : (1225.732178, 255)
(95, 1975.53) : (1225.732178, 255)
(96, 2093) : (1225.732178, 255)
(97, 2217.46) : (1225.732178, 255)
(98, 2349.32) : (1225.732178, 255)
(99, 2489.02) : (1225.732178, 255)
(100, 2637.02) : (1225.732178, 255)
(101, 2793.83) : (1225.732178, 255)
(102, 2959.96) : (1225.732178, 255)
(103, 3135.96) : (1225.732178, 255)
(104, 3322.44) : (1225.732178, 255)
(105, 3520) : (1225.732178, 255)
(106, 3729.31) : (1225.732178, 255)
(107, 3951.07) : (1225.732178, 255)
(108, 4186.01) : (1225.732178, 255)
(109, 4434.92) : (1225.732178, 255)
(110, 4698.64) : (1225.732178, 255)
(111, 4978.03) : (1225.732178, 255)
(112, 5274.04) : (1225.732178, 255)
(113, 5587.65) : (1225.732178, 255)
(114, 5919.91) : (1225.732178, 255)
(115, 6271.93) : (1225.732178, 255)
(116, 6644.88) : (1225.732178, 255)
(117, 7040) : (1225.732178, 255)
(118, 7458.62) : (1225.732178, 255)
(119, 7902.13) : (1225.732178, 255)
(120, 8372.02) : (1225.732178, 255)
(121, 8869.84) : (1225.732178, 255)
(122, 9397.27) : (1225.732178, 255)
(123, 9956.06) : (1225.732178, 255)
(124, 10548.1) : (1225.732178, 255)
(125, 11175.3) : (1225.732178, 255)
(126, 11839.8) : (1225.732178, 255)
(127, 12543.9) : (1225.732178, 255)
